home:
  position: [-1.47893035412, -2.34704709053, 0.0]
  orientation: [0.0, 0.0, -0.63768576721, 0.770296606703]
  
testID1:
  position: [-1.47893035412, -2.34704709053, 0.0]
  orientation: [0.0, 0.0, -0.63768576721, 0.770296606703]  
  
testID2:
  position: [1.47893035412, -24.34704709053, 12.0]
  orientation: [2.0, 3.0, -0.63368576721, 0.723496606703]  
  
